2.153532208288518879e-01 -4.231517876908400672e-02 1.517222275557898126e+00 1.000000000000000000e+00
1.891170157050233169e-01 -4.453289495776491941e-02 1.524653001061543334e+00 1.000000000000000000e+00
7.083416136573884858e-02 -1.391924113413097464e-01 1.733709132722912383e+00 1.000000000000000000e+00
-2.067426223482639325e-02 -5.211425291526253917e-02 1.603727733041998116e+00 1.000000000000000000e+00
5.345150965837991430e-02 -1.673487311639608455e-01 1.742544924927017291e+00 1.000000000000000000e+00
3.490519958170913706e-02 -1.374819572655939792e-01 1.744478832110786026e+00 1.000000000000000000e+00
3.594997383922162674e-03 -5.183186453516543807e-02 1.539561970665164203e+00 1.000000000000000000e+00
-1.062982763272566633e-01 9.289793157186598815e-02 1.602111547244705392e+00 1.000000000000000000e+00
6.873442264701047633e-02 1.769074445731666457e-03 1.551271786492142812e+00 1.000000000000000000e+00
1.472666371682544717e-01 4.566483357428327908e-03 1.557050999392441071e+00 1.000000000000000000e+00
6.977641841263322597e-02 -4.281168318282538299e-02 1.621254434487035434e+00 1.000000000000000000e+00
4.252561855386638445e-02 2.209900918572995504e-02 1.531288037115446699e+00 1.000000000000000000e+00
2.655806257472789755e-01 -1.575765246247163853e-01 1.463963703054041998e+00 1.000000000000000000e+00
2.419540145487239502e-01 -6.489674408095186253e-02 1.489940526339985860e+00 1.000000000000000000e+00
2.835526863574753809e-01 -1.579431080759402251e-01 1.451802313320249116e+00 1.000000000000000000e+00
6.767485776606767256e-02 -7.156293770926705489e-02 1.614581458759481114e+00 1.000000000000000000e+00
3.205771055834153449e-01 -7.211017711683627429e-02 1.449831685130781089e+00 1.000000000000000000e+00
1.163823740284600228e-01 3.817603293962387127e-03 1.538881235745864551e+00 1.000000000000000000e+00
-2.765843032301555648e-02 6.908564594978759688e-02 1.433357550167111860e+00 1.000000000000000000e+00
-3.082297452629071538e-02 1.817787387504444727e-02 1.498774425842984703e+00 1.000000000000000000e+00
2.872725244287663848e-01 -2.397823280233491589e-02 1.451817351127048683e+00 1.000000000000000000e+00
5.520823418007127399e-03 -1.183650241500654003e-02 1.531614167638956969e+00 1.000000000000000000e+00
-7.280162669965645206e-02 4.622348048012423632e-02 1.499581606805296063e+00 1.000000000000000000e+00
2.199819059316932002e-01 -4.733143205703178001e-03 1.511248927164437372e+00 1.000000000000000000e+00
1.906944303641156802e-01 -1.720921130735184740e-02 1.523549886112459451e+00 1.000000000000000000e+00
1.823011002932289348e-01 -1.747335813466190796e-02 1.637599020983444786e+00 1.000000000000000000e+00
1.164516127876174256e-01 -2.301448182708602797e-02 1.589541574466563523e+00 1.000000000000000000e+00
-6.171087858831444256e-02 5.971469038881778435e-02 1.508470226335737019e+00 1.000000000000000000e+00
1.163081547129436177e-01 2.923018654850075004e-02 1.538367361462593452e+00 1.000000000000000000e+00
2.505096362985437253e-01 -9.958918921562728843e-02 1.482362720415858481e+00 1.000000000000000000e+00
2.802252852379760739e-01 -1.180184666956809875e-01 1.440047160523089564e+00 1.000000000000000000e+00
3.212316294111884907e-01 -1.896177394420898998e-01 1.496617227548343587e+00 1.000000000000000000e+00
2.638360978230523401e-01 -1.185725689002997962e-01 1.450934365566763917e+00 1.000000000000000000e+00
1.384475557906097165e-01 -1.497419954144238452e-01 1.900936658989844874e+00 1.000000000000000000e+00
1.345245336442510709e-01 3.254383449216769614e-02 1.516538832610829335e+00 1.000000000000000000e+00
2.009220127474669049e-01 -9.271829824963283284e-02 1.522523059928318157e+00 1.000000000000000000e+00
1.665107170575608198e-01 1.121290355209343843e-02 1.499268205121992770e+00 1.000000000000000000e+00
-2.681562348307411220e-02 4.853338809464950721e-02 1.487849532696774224e+00 1.000000000000000000e+00
1.999241161070724471e-01 -6.748093444783048733e-02 1.515679675258431836e+00 1.000000000000000000e+00
2.648726309241634588e-02 4.305744892223789880e-03 1.505294022937840204e+00 1.000000000000000000e+00
2.125618595323967575e-01 -1.730533445640219242e-02 1.511602218931454855e+00 1.000000000000000000e+00
-2.818474874394814172e-02 1.034881958426974863e-01 1.461427731864312296e+00 1.000000000000000000e+00
8.118543881514322935e-02 5.330863655267441964e-02 1.231001279433886930e+00 1.000000000000000000e+00
1.836570659101001701e-01 -2.782084539745995067e-03 1.514287988577731836e+00 1.000000000000000000e+00
2.911990834063604150e-01 -5.416321816113987136e-02 1.450493890568941513e+00 1.000000000000000000e+00
-5.338135355210285593e-02 1.018990996691095524e-01 1.489674388680847228e+00 1.000000000000000000e+00
-1.403193156211823833e-02 3.009213380627604253e-03 1.539180948905230162e+00 1.000000000000000000e+00
2.835960090072575102e-01 1.166579459305577132e-02 1.434806841293440938e+00 1.000000000000000000e+00
3.114748466100056290e-01 -1.028939575399691192e-01 1.466961520021365262e+00 1.000000000000000000e+00
2.640666135598173092e-01 -2.079110606390189575e-01 1.524969125668241610e+00 1.000000000000000000e+00
7.368596076833887343e-02 -1.917554448857057559e-02 1.572686264466021333e+00 1.000000000000000000e+00
2.518688960089863760e-01 2.407887335858980085e-02 1.496064043527501441e+00 1.000000000000000000e+00
3.029817243371885072e-01 -7.628963743740077574e-02 1.453915854715910116e+00 1.000000000000000000e+00
-6.342313244913361236e-02 1.048455210587611736e-01 1.418310513137324369e+00 1.000000000000000000e+00
2.593194395016966691e-01 -7.039113158498995493e-02 1.450870444003514059e+00 1.000000000000000000e+00
1.607482393947473609e-01 -1.233416865476597291e-01 1.884562306822460398e+00 1.000000000000000000e+00
-6.971324990752938988e-02 -6.245674518246673718e-02 1.517234796201281766e+00 1.000000000000000000e+00
1.687272698013765893e-01 -7.150095861247615647e-02 1.823874193726483961e+00 1.000000000000000000e+00
2.583005040455593759e-01 1.472895284457776191e-02 1.467206231599280875e+00 1.000000000000000000e+00
-2.794115987307756177e-02 9.129658177425153953e-02 1.448367869892708271e+00 1.000000000000000000e+00
2.889757234844935740e-01 -2.136573586830246840e-01 1.499685242512861949e+00 1.000000000000000000e+00
2.665092500235697326e-01 -1.373411737785694420e-01 1.463690744791093401e+00 1.000000000000000000e+00
7.656558233090723919e-02 -2.974130119739583009e-02 1.595306620107397766e+00 1.000000000000000000e+00
-8.455199464917240171e-02 7.025946045776053361e-02 1.539752992086282912e+00 1.000000000000000000e+00
3.069675550748871551e-01 -1.631367092220397941e-01 1.458755657830704822e+00 1.000000000000000000e+00
2.974162558154719305e-01 -2.131060025200385843e-01 1.494430466891580211e+00 1.000000000000000000e+00
1.476088394546642979e-01 -4.468087980105796969e-02 1.575601878430740399e+00 1.000000000000000000e+00
1.160940639116309764e-01 1.435476826705481095e-02 1.537233769939247763e+00 1.000000000000000000e+00
2.554731357496756172e-01 -5.627495749985692020e-02 1.437859960396004055e+00 1.000000000000000000e+00
-5.606538618181021449e-02 1.113299233534707083e-01 1.460840251244350796e+00 1.000000000000000000e+00
3.171497577040022220e-01 -2.521553535262167633e-01 1.547675213976883235e+00 1.000000000000000000e+00
6.932841842900945573e-02 -8.688434193288084584e-02 1.712003119581000155e+00 1.000000000000000000e+00
3.108151050049226538e-01 -9.192903059034489288e-02 1.438797592405231640e+00 1.000000000000000000e+00
1.725964774836122595e-01 2.460986266997844049e-02 1.570802580425681771e+00 1.000000000000000000e+00
5.638150964664203485e-02 3.303372068952809687e-02 1.537346501275178801e+00 1.000000000000000000e+00
-5.188003725483270046e-02 2.298589973038684536e-02 1.501568059038915992e+00 1.000000000000000000e+00
