1.954965161789698758e-01 8.547432595705189984e-02 1.532021231640108283e+00 1.000000000000000000e+00
1.689870075079973888e-01 9.215285905441591985e-02 1.548989578218580743e+00 1.000000000000000000e+00
3.713075855706505363e-02 3.194054026633586646e-02 1.815734970839081086e+00 1.000000000000000000e+00
-5.328769535617719488e-02 1.238750634500856707e-01 1.655790893345196801e+00 1.000000000000000000e+00
1.502266526516454932e-02 1.029306231280510166e-02 1.831438063347565537e+00 1.000000000000000000e+00
-1.090391945283677522e-03 3.979151943601537400e-02 1.824529646969646146e+00 1.000000000000000000e+00
-2.738002559222696072e-02 1.184901907701147172e-01 1.632531316849498149e+00 1.000000000000000000e+00
-1.362331134004249322e-01 2.920804636284269895e-01 1.613150158939907097e+00 1.000000000000000000e+00
4.395657091272592992e-02 1.657753209580531129e-01 1.598284608096179227e+00 1.000000000000000000e+00
1.248311357972454599e-01 1.537208593956880254e-01 1.562178569181225107e+00 1.000000000000000000e+00
4.159266242053154261e-02 1.207409169529602977e-01 1.658126351682192912e+00 1.000000000000000000e+00
1.702207477161668883e-02 1.866777514183786679e-01 1.582279946209643517e+00 1.000000000000000000e+00
2.576057633351346854e-01 -5.150211314068438295e-02 1.557913204826806730e+00 1.000000000000000000e+00
2.247139478133188539e-01 5.519667957543508696e-02 1.514589441255510538e+00 1.000000000000000000e+00
2.774992150659728041e-01 -5.644039630553696757e-02 1.541204418557085232e+00 1.000000000000000000e+00
3.951492261592821909e-02 9.271185582075705534e-02 1.675694091766703142e+00 1.000000000000000000e+00
3.013997326838276369e-01 2.965254848500690002e-02 1.446929064880854154e+00 1.000000000000000000e+00
9.421644655931857293e-02 1.593722159716518538e-01 1.567618878361378920e+00 1.000000000000000000e+00
-5.672589016027423242e-02 2.491560788988158304e-01 1.521674475705933727e+00 1.000000000000000000e+00
-6.161350269578479838e-02 1.961598624542495450e-01 1.566502107595922677e+00 1.000000000000000000e+00
2.634934312556084790e-01 8.528421865308694061e-02 1.423431548182094275e+00 1.000000000000000000e+00
-2.389154692018134740e-02 1.582758656464148816e-01 1.595045704872156689e+00 1.000000000000000000e+00
-1.067046907116579318e-01 2.332720218392044242e-01 1.581564908435722172e+00 1.000000000000000000e+00
1.965150089479830720e-01 1.230964842885376859e-01 1.490552521479404424e+00 1.000000000000000000e+00
1.689199712478908211e-01 1.163405801521283922e-01 1.526145170160162712e+00 1.000000000000000000e+00
1.556267953206507126e-01 1.298541520830172602e-01 1.611437082363545992e+00 1.000000000000000000e+00
9.305997528712754707e-02 1.336092026672467958e-01 1.624536693033130863e+00 1.000000000000000000e+00
-9.220601851724194442e-02 2.464139208006126125e-01 1.566450772975261252e+00 1.000000000000000000e+00
9.311902443269019780e-02 1.848300690864627949e-01 1.550376781208235855e+00 1.000000000000000000e+00
2.356840923222988105e-01 1.541235044070138165e-02 1.530904589268566429e+00 1.000000000000000000e+00
2.703574653300356845e-01 -1.597224965568083688e-02 1.500964666288517657e+00 1.000000000000000000e+00
3.099283272146315382e-01 -8.970805330138194311e-02 1.565833156425081585e+00 1.000000000000000000e+00
2.560408033833583841e-01 -1.074956408680257519e-02 1.527113608917452847e+00 1.000000000000000000e+00
1.038990656317547029e-01 2.942279550779965114e-02 1.901053878349695081e+00 1.000000000000000000e+00
1.137328613473789218e-01 1.818419716841682132e-01 1.543352255590517919e+00 1.000000000000000000e+00
1.851089337469105922e-01 3.873423218319149708e-02 1.585344740809109476e+00 1.000000000000000000e+00
1.462099689787587087e-01 1.473913426046166986e-01 1.508045649152579992e+00 1.000000000000000000e+00
-5.551389607945429738e-02 2.260945861642987831e-01 1.546109469756908883e+00 1.000000000000000000e+00
1.832383092391927093e-01 6.210518586564638122e-02 1.565678258300503334e+00 1.000000000000000000e+00
-6.746256676340012649e-05 1.671066170732111167e-01 1.577167586047188763e+00 1.000000000000000000e+00
1.907636578181054199e-01 1.114648118621494044e-01 1.509368380192145587e+00 1.000000000000000000e+00
-5.372460723270066490e-02 2.789103520757465482e-01 1.479701177836693526e+00 1.000000000000000000e+00
6.649750160021605794e-02 1.893722356106092852e-01 1.310209006072490689e+00 1.000000000000000000e+00
1.628698531547558837e-01 1.327586022907399910e-01 1.517094008792397419e+00 1.000000000000000000e+00
2.735002242900770320e-01 5.127623217503386038e-02 1.458563423261740599e+00 1.000000000000000000e+00
-8.291242293034067901e-02 2.925100765081008469e-01 1.539131403013559218e+00 1.000000000000000000e+00
-4.420068241109827156e-02 1.721858375261708651e-01 1.576407415807498991e+00 1.000000000000000000e+00
2.574658480430461194e-01 1.228362130177607786e-01 1.388200450381922302e+00 1.000000000000000000e+00
2.949039153836628402e-01 7.605463718564333330e-05 1.483577680595772330e+00 1.000000000000000000e+00
2.474039770219446377e-01 -1.012649784156160332e-01 1.630616629331050893e+00 1.000000000000000000e+00
4.817618753696562006e-02 1.448228271290277758e-01 1.616548636720104959e+00 1.000000000000000000e+00
2.223887137194992536e-01 1.452941726664492561e-01 1.430721901819250519e+00 1.000000000000000000e+00
2.839439526382656065e-01 2.948201468595602892e-02 1.455660746851376697e+00 1.000000000000000000e+00
-8.931921131441400430e-02 2.790904593552185897e-01 1.431368173746056183e+00 1.000000000000000000e+00
2.416348200673212321e-01 4.391562131566943000e-02 1.466248917039601363e+00 1.000000000000000000e+00
1.288467654616501090e-01 4.583656437262498273e-02 1.876271851215339126e+00 1.000000000000000000e+00
-1.083681609564490222e-01 1.128310123116282593e-01 1.626307552752303431e+00 1.000000000000000000e+00
1.374228130832107209e-01 9.762117126001408629e-02 1.787723915096159022e+00 1.000000000000000000e+00
2.312906755004583981e-01 1.304703640880058579e-01 1.416599524319573922e+00 1.000000000000000000e+00
-5.428270309638233426e-02 2.702419428248074018e-01 1.493115593300541111e+00 1.000000000000000000e+00
2.747279836378562767e-01 -1.139498015808339121e-01 1.602758427857181811e+00 1.000000000000000000e+00
2.605825822113500001e-01 -3.618241034523420746e-02 1.556729341275950862e+00 1.000000000000000000e+00
5.202315852238804939e-02 1.377024417494520092e-01 1.667726090047083831e+00 1.000000000000000000e+00
-1.175888068450353791e-01 2.641025676804397149e-01 1.588102920017705477e+00 1.000000000000000000e+00
2.991321192738177759e-01 -6.715052360539072729e-02 1.532026018127041089e+00 1.000000000000000000e+00
2.847199265794810863e-01 -1.168560549132512116e-01 1.597655540709131960e+00 1.000000000000000000e+00
1.245508714602780176e-01 1.070002472456882681e-01 1.604910208494700896e+00 1.000000000000000000e+00
9.365248919114355086e-02 1.721817396939732403e-01 1.556340733359265593e+00 1.000000000000000000e+00
2.396645811375626156e-01 5.774516065308873264e-02 1.461101074358219343e+00 1.000000000000000000e+00
-8.560071225045461085e-02 3.046211115225951338e-01 1.511477114363849017e+00 1.000000000000000000e+00
2.957131374487547149e-01 -1.527264252478094109e-01 1.638865444600454246e+00 1.000000000000000000e+00
3.891933912971094062e-02 8.391530353282052046e-02 1.748284317689307477e+00 1.000000000000000000e+00
2.958447028269642898e-01 7.539084290915826735e-03 1.457531793891168048e+00 1.000000000000000000e+00
1.466992519760975944e-01 1.674217512052641466e-01 1.538712485716984935e+00 1.000000000000000000e+00
3.159790869576514089e-02 2.013475813449305263e-01 1.576745229098468926e+00 1.000000000000000000e+00
-8.418852384183536652e-02 2.019173864216936287e-01 1.583170409057989225e+00 1.000000000000000000e+00
