6.162108764648437500e+02 3.474765319824218750e+02
4.449296569824218750e+02 3.888202819824218750e+02
6.024296264648437500e+02 3.474765319824218750e+02
4.439452819824218750e+02 3.455077819824218750e+02
6.939765014648437500e+02 4.006327819824218750e+02
3.592890319824218750e+02 4.459140319824218750e+02
6.526327514648437500e+02 4.055546569824218750e+02
5.167890625000000000e+02 3.819296569824218750e+02
5.364765014648437500e+02 3.081015319824218750e+02
6.821640014648437500e+02 4.016171569824218750e+02
7.422108764648437500e+02 4.134296569824218750e+02
4.468984069824218750e+02 3.061327819824218750e+02
5.295858764648437500e+02 4.705234069824218750e+02
4.961171569824218750e+02 3.464921569824218750e+02
4.695390319824218750e+02 3.838984069824218750e+02
5.276171875000000000e+02 2.982577819824218750e+02
4.626484069824218750e+02 3.169609069824218750e+02
1.791484222412109375e+02 4.980859069824218750e+02
6.959452514648437500e+02 4.094921569824218750e+02
7.185858764648437500e+02 4.163827819824218750e+02
6.762577514648437500e+02 3.661796569824218750e+02
5.207265625000000000e+02 3.090859069824218750e+02
5.079296569824218750e+02 3.455077819824218750e+02
4.715077819824218750e+02 2.854609069824218750e+02
4.321327819824218750e+02 3.376327819824218750e+02
4.518202819824218750e+02 2.746327819824218750e+02
2.323046722412109375e+02 4.823359069824218750e+02
9.941405487060546875e+01 4.518202819824218750e+02
4.547734069824218750e+02 4.173671569824218750e+02
6.319608764648437500e+02 5.226953125000000000e+02
5.404140014648437500e+02 3.711015319824218750e+02
1.525702972412109375e+02 4.055546569824218750e+02
8.169530487060546875e+01 4.508359069824218750e+02
5.797890014648437500e+02 3.720859069824218750e+02
7.195702514648437500e+02 3.602734069824218750e+02
5.276171875000000000e+02 3.799609069824218750e+02
2.884140319824218750e+02 4.951327819824218750e+02
4.380390319824218750e+02 3.041640319824218750e+02
6.457421264648437500e+02 2.884140319824218750e+02
4.567421569824218750e+02 3.838984069824218750e+02
4.606796569824218750e+02 2.854609069824218750e+02
6.319608764648437500e+02 3.366484069824218750e+02
6.565702514648437500e+02 2.884140319824218750e+02
4.380390319824218750e+02 3.169609069824218750e+02
7.540233764648437500e+02 4.016171569824218750e+02
6.103046264648437500e+02 5.404140014648437500e+02
7.077577514648437500e+02 4.173671569824218750e+02
5.384452514648437500e+02 3.356640319824218750e+02
9.153905487060546875e+01 4.429609069824218750e+02
4.459140319824218750e+02 4.045702819824218750e+02
7.166171264648437500e+02 3.966952819824218750e+02
2.903827819824218750e+02 4.232734069824218750e+02
4.557577819824218750e+02 4.311484069824218750e+02
6.939765014648437500e+02 3.907890319824218750e+02
6.772421264648437500e+02 3.317265319824218750e+02
4.872577819824218750e+02 2.618359375000000000e+02
5.650233764648437500e+02 3.720859069824218750e+02
2.697109069824218750e+02 5.039921569824218750e+02
1.240234298706054688e+02 4.508359069824218750e+02
4.911952819824218750e+02 4.075234069824218750e+02
4.902109069824218750e+02 3.809452819824218750e+02
6.595233764648437500e+02 3.563359069824218750e+02
1.112265548706054688e+02 4.724921569824218750e+02
5.089140319824218750e+02 3.642109069824218750e+02
1.338671722412109375e+02 4.035859069824218750e+02
4.685546569824218750e+02 3.947265319824218750e+02
5.207265625000000000e+02 4.921796569824218750e+02
4.754452819824218750e+02 3.760234069824218750e+02
7.284296264648437500e+02 3.957109069824218750e+02
2.628203125000000000e+02 4.134296569824218750e+02
6.191640014648437500e+02 3.661796569824218750e+02
2.460859222412109375e+02 4.104765319824218750e+02
1.161484298706054688e+02 4.872577819824218750e+02
5.807733764648437500e+02 4.390234069824218750e+02
6.034140014648437500e+02 3.592890319824218750e+02
6.821640014648437500e+02 3.927577819824218750e+02
7.520546264648437500e+02 3.829140319824218750e+02
5.925858764648437500e+02 3.602734069824218750e+02
5.630546264648437500e+02 3.583046569824218750e+02
4.744609069824218750e+02 4.035859069824218750e+02
1.604452972412109375e+02 4.803671569824218750e+02
7.943827514648437500e+02 3.966952819824218750e+02
2.706952819824218750e+02 4.931640319824218750e+02
5.708593368530273438e+01 3.838984069824218750e+02
7.205546264648437500e+02 3.681484069824218750e+02
5.443515014648437500e+02 4.941484069824218750e+02
6.368827514648437500e+02 3.169609069824218750e+02
6.565702514648437500e+02 3.061327819824218750e+02
6.703515014648437500e+02 2.746327819824218750e+02
2.293515472412109375e+02 4.961171569824218750e+02
5.620702514648437500e+02 3.081015319824218750e+02
2.618359375000000000e+02 4.222890319824218750e+02
1.259921798706054688e+02 3.858671569824218750e+02
4.006327819824218750e+02 4.882421569824218750e+02
5.748671264648437500e+02 3.848827819824218750e+02
5.571483764648437500e+02 4.203202819824218750e+02
6.083358764648437500e+02 3.248359069824218750e+02
4.350859069824218750e+02 5.413983764648437500e+02
5.925858764648437500e+02 3.740546569824218750e+02
2.391952972412109375e+02 4.961171569824218750e+02
4.921796569824218750e+02 3.966952819824218750e+02
6.083358764648437500e+02 3.356640319824218750e+02
5.197421875000000000e+02 3.711015319824218750e+02
4.852890319824218750e+02 2.539609222412109375e+02
6.152265014648437500e+02 3.592890319824218750e+02
6.723202514648437500e+02 4.035859069824218750e+02
7.550077514648437500e+02 3.927577819824218750e+02
4.311484069824218750e+02 3.760234069824218750e+02
2.500234222412109375e+02 4.961171569824218750e+02
4.862734069824218750e+02 3.159765319824218750e+02
4.636327819824218750e+02 3.277890319824218750e+02
3.563359069824218750e+02 4.380390319824218750e+02
5.177734375000000000e+02 3.966952819824218750e+02
4.537890319824218750e+02 3.966952819824218750e+02
4.911952819824218750e+02 4.262265319824218750e+02
3.199140319824218750e+02 4.045702819824218750e+02
5.728983764648437500e+02 5.433671264648437500e+02
1.633984222412109375e+02 4.606796569824218750e+02
4.734765319824218750e+02 3.130234069824218750e+02
5.581327514648437500e+02 4.803671569824218750e+02
5.571483764648437500e+02 4.065390319824218750e+02
2.165546722412109375e+02 4.971015319824218750e+02
3.779921569824218750e+02 5.453358764648437500e+02
7.028358764648437500e+02 3.779921569824218750e+02
2.263984222412109375e+02 3.888202819824218750e+02
6.004608764648437500e+02 3.681484069824218750e+02
1.496171722412109375e+02 4.163827819824218750e+02
6.614921264648437500e+02 3.396015319824218750e+02
5.955390014648437500e+02 3.947265319824218750e+02
6.309765014648437500e+02 4.488671569824218750e+02
4.715077819824218750e+02 4.390234069824218750e+02
4.321327819824218750e+02 3.927577819824218750e+02
7.796171264648437500e+02 3.986640319824218750e+02
4.734765319824218750e+02 3.553515319824218750e+02
4.400077819824218750e+02 4.124452819824218750e+02
6.595233764648437500e+02 3.760234069824218750e+02
6.703515014648437500e+02 3.159765319824218750e+02
5.561640014648437500e+02 3.986640319824218750e+02
6.024296264648437500e+02 5.276171875000000000e+02
1.427265472412109375e+02 4.528046569824218750e+02
6.358983764648437500e+02 2.657734069824218750e+02
6.162108764648437500e+02 5.187578125000000000e+02
1.063046798706054688e+02 4.616640319824218750e+02
5.423827514648437500e+02 3.612577819824218750e+02
8.061952514648437500e+02 3.612577819824218750e+02
1.712734222412109375e+02 3.848827819824218750e+02
4.823359069824218750e+02 3.041640319824218750e+02
1.200859298706054688e+02 3.986640319824218750e+02
6.673983764648437500e+02 3.297577819824218750e+02
1.702890472412109375e+02 4.705234069824218750e+02
4.921093368530273438e+01 4.400077819824218750e+02
1.948984222412109375e+02 4.232734069824218750e+02
6.723202514648437500e+02 3.947265319824218750e+02
6.979140014648437500e+02 4.400077819824218750e+02
2.736484069824218750e+02 4.862734069824218750e+02
4.449296569824218750e+02 3.642109069824218750e+02
5.866796264648437500e+02 5.148203125000000000e+02
4.833202819824218750e+02 3.287734069824218750e+02
3.799609069824218750e+02 4.793827819824218750e+02
6.103046264648437500e+02 4.813515319824218750e+02
6.447577514648437500e+02 3.327109069824218750e+02
1.141796798706054688e+02 3.878359069824218750e+02
5.719140014648437500e+02 3.179452819824218750e+02
1.446952972412109375e+02 3.878359069824218750e+02
1.092578048706054688e+02 4.872577819824218750e+02
7.274452514648437500e+02 3.858671569824218750e+02
4.626484069824218750e+02 3.396015319824218750e+02
1.801327972412109375e+02 4.813515319824218750e+02
4.705234069824218750e+02 3.405859069824218750e+02
7.530390014648437500e+02 4.124452819824218750e+02
2.401796722412109375e+02 4.823359069824218750e+02
5.778202514648437500e+02 3.396015319824218750e+02
1.781640472412109375e+02 3.838984069824218750e+02
1.869531059265136719e+01 4.528046569824218750e+02
6.427890014648437500e+02 3.760234069824218750e+02
7.018515014648437500e+02 3.720859069824218750e+02
4.625780868530273438e+01 4.951327819824218750e+02
6.791405487060546875e+01 4.744609069824218750e+02
2.638046569824218750e+02 4.350859069824218750e+02
5.079296569824218750e+02 3.592890319824218750e+02
5.551796264648437500e+02 4.577265319824218750e+02
2.519921722412109375e+02 4.734765319824218750e+02
4.006327819824218750e+02 5.158046875000000000e+02
5.571483764648437500e+02 5.049765319824218750e+02
7.884765014648437500e+02 3.888202819824218750e+02
2.136015472412109375e+02 4.685546569824218750e+02
1.063046798706054688e+02 4.026015319824218750e+02
6.053827514648437500e+02 3.789765319824218750e+02
2.175390472412109375e+02 4.813515319824218750e+02
7.707577514648437500e+02 4.114609069824218750e+02
1.673359222412109375e+02 4.980859069824218750e+02
4.528046569824218750e+02 3.415702819824218750e+02
3.602734069824218750e+02 4.783984069824218750e+02
4.419765319824218750e+02 2.962890319824218750e+02
1.013828048706054688e+02 3.848827819824218750e+02
4.911952819824218750e+02 4.213046569824218750e+02
5.886483764648437500e+02 5.305702514648437500e+02
3.927577819824218750e+02 5.226953125000000000e+02
5.807733764648437500e+02 4.065390319824218750e+02
7.500858764648437500e+02 3.937421569824218750e+02
5.433671264648437500e+02 3.563359069824218750e+02
4.311484069824218750e+02 3.701171569824218750e+02
4.685546569824218750e+02 4.921796569824218750e+02
1.614296722412109375e+02 4.291796569824218750e+02
2.933359069824218750e+02 4.990702819824218750e+02
4.872577819824218750e+02 2.815234069824218750e+02
1.712734222412109375e+02 4.390234069824218750e+02
2.057265472412109375e+02 4.971015319824218750e+02
5.610155868530273438e+01 4.439452819824218750e+02
7.283592987060546875e+01 4.823359069824218750e+02
4.409921569824218750e+02 4.665859069824218750e+02
4.321327819824218750e+02 3.976796569824218750e+02
2.992421569824218750e+02 4.301640319824218750e+02
7.599296264648437500e+02 3.927577819824218750e+02
5.591171264648437500e+02 3.287734069824218750e+02
7.845390014648437500e+02 3.986640319824218750e+02
7.658358764648437500e+02 4.006327819824218750e+02
2.126171722412109375e+02 4.085077819824218750e+02
2.401796722412109375e+02 4.518202819824218750e+02
6.398358764648437500e+02 5.394296264648437500e+02
7.412265014648437500e+02 4.035859069824218750e+02
6.998827514648437500e+02 4.459140319824218750e+02
2.313202972412109375e+02 4.124452819824218750e+02
6.683827514648437500e+02 2.834921569824218750e+02
4.547734069824218750e+02 5.354921264648437500e+02
5.335233764648437500e+02 3.199140319824218750e+02
2.323046722412109375e+02 4.685546569824218750e+02
3.012109069824218750e+02 4.665859069824218750e+02
7.156327514648437500e+02 4.449296569824218750e+02
5.807030868530273438e+01 4.252421569824218750e+02
6.083358764648437500e+02 3.297577819824218750e+02
6.900390014648437500e+02 3.740546569824218750e+02
4.055546569824218750e+02 4.892265319824218750e+02
6.555858764648437500e+02 4.478827819824218750e+02
7.737108764648437500e+02 3.907890319824218750e+02
6.437733764648437500e+02 3.405859069824218750e+02
1.693046722412109375e+02 4.862734069824218750e+02
2.323046722412109375e+02 4.331171569824218750e+02
5.522265014648437500e+02 3.730702819824218750e+02
4.843046569824218750e+02 3.238515319824218750e+02
3.720859069824218750e+02 5.118671875000000000e+02
5.325390014648437500e+02 3.937421569824218750e+02
2.510077972412109375e+02 4.439452819824218750e+02
4.321327819824218750e+02 3.327109069824218750e+02
4.921093368530273438e+01 4.242577819824218750e+02
5.374608764648437500e+02 3.297577819824218750e+02
3.829140319824218750e+02 4.439452819824218750e+02
5.492733764648437500e+02 3.553515319824218750e+02
6.920077514648437500e+02 3.848827819824218750e+02
5.738827514648437500e+02 4.724921569824218750e+02
6.733046264648437500e+02 3.208984069824218750e+02
2.480546722412109375e+02 4.193359069824218750e+02
4.065390319824218750e+02 5.256484375000000000e+02
7.166171264648437500e+02 4.272109069824218750e+02
5.551796264648437500e+02 3.937421569824218750e+02
5.197421875000000000e+02 4.636327819824218750e+02
5.512421264648437500e+02 3.986640319824218750e+02
6.397656250000000000e+01 4.104765319824218750e+02
5.345077514648437500e+02 3.868515319824218750e+02
4.321327819824218750e+02 3.592890319824218750e+02
5.571483764648437500e+02 4.321327819824218750e+02
3.445234069824218750e+02 4.971015319824218750e+02
1.289453125000000000e+02 4.793827819824218750e+02
4.793827819824218750e+02 3.829140319824218750e+02
