7.146483764648437500e+02 3.523984069824218750e+02
5.305702514648437500e+02 3.878359069824218750e+02
7.008671264648437500e+02 3.514140319824218750e+02
5.295858764648437500e+02 3.455077819824218750e+02
8.337577514648437500e+02 4.065390319824218750e+02
4.400077819824218750e+02 4.400077819824218750e+02
7.904452514648437500e+02 4.104765319824218750e+02
6.211327514648437500e+02 3.829140319824218750e+02
6.280233764648437500e+02 3.120390319824218750e+02
8.288358764648437500e+02 4.065390319824218750e+02
8.878983764648437500e+02 4.203202819824218750e+02
5.325390014648437500e+02 3.081015319824218750e+02
6.821640014648437500e+02 4.695390319824218750e+02
5.975077514648437500e+02 3.484609069824218750e+02
5.788046264648437500e+02 3.848827819824218750e+02
6.201483764648437500e+02 3.002265319824218750e+02
5.728983764648437500e+02 3.218827819824218750e+02
2.628203125000000000e+02 4.862734069824218750e+02
8.376952514648437500e+02 4.144140319824218750e+02
8.691952514648437500e+02 4.222890319824218750e+02
7.766640014648437500e+02 3.691327819824218750e+02
6.122733764648437500e+02 3.130234069824218750e+02
6.132577514648437500e+02 3.484609069824218750e+02
5.817577514648437500e+02 2.913671569824218750e+02
5.177734375000000000e+02 3.386171569824218750e+02
5.610858764648437500e+02 2.825077819824218750e+02
3.140077819824218750e+02 4.724921569824218750e+02
1.673359222412109375e+02 4.419765319824218750e+02
5.561640014648437500e+02 4.173671569824218750e+02
8.189921264648437500e+02 5.167890625000000000e+02
6.408202514648437500e+02 3.730702819824218750e+02
1.919452972412109375e+02 3.937421569824218750e+02
1.535546722412109375e+02 4.400077819824218750e+02
6.733046264648437500e+02 3.740546569824218750e+02
8.554140014648437500e+02 3.691327819824218750e+02
6.299921264648437500e+02 3.829140319824218750e+02
3.760234069824218750e+02 4.872577819824218750e+02
5.236796875000000000e+02 3.031796569824218750e+02
7.481171264648437500e+02 2.962890319824218750e+02
5.630546264648437500e+02 3.868515319824218750e+02
5.709296264648437500e+02 2.913671569824218750e+02
7.313827514648437500e+02 3.415702819824218750e+02
7.589452514648437500e+02 2.953046569824218750e+02
5.236796875000000000e+02 3.179452819824218750e+02
9.006952514648437500e+02 4.104765319824218750e+02
7.963515014648437500e+02 5.335233764648437500e+02
8.544296264648437500e+02 4.222890319824218750e+02
6.358983764648437500e+02 3.396015319824218750e+02
1.614296722412109375e+02 4.321327819824218750e+02
5.295858764648437500e+02 4.026015319824218750e+02
8.623046264648437500e+02 4.035859069824218750e+02
3.258202819824218750e+02 4.153984069824218750e+02
5.630546264648437500e+02 4.301640319824218750e+02
8.357265014648437500e+02 3.976796569824218750e+02
7.776483764648437500e+02 3.376327819824218750e+02
5.955390014648437500e+02 2.697109069824218750e+02
6.614921264648437500e+02 3.740546569824218750e+02
3.612577819824218750e+02 4.941484069824218750e+02
1.919452972412109375e+02 4.400077819824218750e+02
6.053827514648437500e+02 4.085077819824218750e+02
5.994765014648437500e+02 3.819296569824218750e+02
7.599296264648437500e+02 3.612577819824218750e+02
2.017890472412109375e+02 4.606796569824218750e+02
6.142421264648437500e+02 3.671640319824218750e+02
1.761952972412109375e+02 3.927577819824218750e+02
5.797890014648437500e+02 3.957109069824218750e+02
6.742890014648437500e+02 4.882421569824218750e+02
5.847108764648437500e+02 3.770077819824218750e+02
8.751015014648437500e+02 4.026015319824218750e+02
3.002265319824218750e+02 4.045702819824218750e+02
7.176015014648437500e+02 3.701171569824218750e+02
2.825077819824218750e+02 4.016171569824218750e+02
2.047421722412109375e+02 4.774140319824218750e+02
7.353202514648437500e+02 4.390234069824218750e+02
7.008671264648437500e+02 3.642109069824218750e+02
8.248983764648437500e+02 3.986640319824218750e+02
9.006952514648437500e+02 3.917734069824218750e+02
6.841327514648437500e+02 3.632265319824218750e+02
6.585390014648437500e+02 3.612577819824218750e+02
5.827421264648437500e+02 4.016171569824218750e+02
2.460859222412109375e+02 4.715077819824218750e+02
9.479452514648437500e+02 4.055546569824218750e+02
3.612577819824218750e+02 4.852890319824218750e+02
9.842967987060546875e+01 3.720859069824218750e+02
8.573827514648437500e+02 3.770077819824218750e+02
7.038202514648437500e+02 4.892265319824218750e+02
7.372890014648437500e+02 3.248359069824218750e+02
7.599296264648437500e+02 3.149921569824218750e+02
7.687890014648437500e+02 2.815234069824218750e+02
3.090859069824218750e+02 4.852890319824218750e+02
6.437733764648437500e+02 3.110546569824218750e+02
2.992421569824218750e+02 4.144140319824218750e+02
1.673359222412109375e+02 3.750390319824218750e+02
5.276171875000000000e+02 4.813515319824218750e+02
6.782265014648437500e+02 3.878359069824218750e+02
6.801952514648437500e+02 4.183515319824218750e+02
7.067733764648437500e+02 3.287734069824218750e+02
5.935702514648437500e+02 5.305702514648437500e+02
6.880702514648437500e+02 3.779921569824218750e+02
3.228671569824218750e+02 4.872577819824218750e+02
6.004608764648437500e+02 3.966952819824218750e+02
7.077577514648437500e+02 3.405859069824218750e+02
6.260546264648437500e+02 3.750390319824218750e+02
5.935702514648437500e+02 2.608515625000000000e+02
7.146483764648437500e+02 3.642109069824218750e+02
8.170233764648437500e+02 4.085077819824218750e+02
9.056171264648437500e+02 4.016171569824218750e+02
5.167890625000000000e+02 3.750390319824218750e+02
3.277890319824218750e+02 4.872577819824218750e+02
5.935702514648437500e+02 3.218827819824218750e+02
5.738827514648437500e+02 3.307421569824218750e+02
3.888202819824218750e+02 4.311484069824218750e+02
6.211327514648437500e+02 3.966952819824218750e+02
5.620702514648437500e+02 3.976796569824218750e+02
5.984921264648437500e+02 4.272109069824218750e+02
3.573202819824218750e+02 3.966952819824218750e+02
7.599296264648437500e+02 5.345077514648437500e+02
2.185234222412109375e+02 4.498515319824218750e+02
5.827421264648437500e+02 3.159765319824218750e+02
7.126796264648437500e+02 4.783984069824218750e+02
6.801952514648437500e+02 4.094921569824218750e+02
3.002265319824218750e+02 4.872577819824218750e+02
5.473046264648437500e+02 5.305702514648437500e+02
8.426171264648437500e+02 3.848827819824218750e+02
2.657734069824218750e+02 3.779921569824218750e+02
6.988983764648437500e+02 3.711015319824218750e+02
1.889921722412109375e+02 4.055546569824218750e+02
7.628827514648437500e+02 3.464921569824218750e+02
7.126796264648437500e+02 3.986640319824218750e+02
7.924140014648437500e+02 4.488671569824218750e+02
5.817577514648437500e+02 4.380390319824218750e+02
5.177734375000000000e+02 3.927577819824218750e+02
9.371171264648437500e+02 4.075234069824218750e+02
5.827421264648437500e+02 3.573202819824218750e+02
5.266328125000000000e+02 4.094921569824218750e+02
7.609140014648437500e+02 3.789765319824218750e+02
7.697733764648437500e+02 3.228671569824218750e+02
6.772421264648437500e+02 4.006327819824218750e+02
7.884765014648437500e+02 5.207265625000000000e+02
2.067109222412109375e+02 4.439452819824218750e+02
7.372890014648437500e+02 2.746327819824218750e+02
8.042265014648437500e+02 5.138359375000000000e+02
1.811171722412109375e+02 4.518202819824218750e+02
6.418046264648437500e+02 3.632265319824218750e+02
9.607421264648437500e+02 3.730702819824218750e+02
2.136015472412109375e+02 3.730702819824218750e+02
5.945546264648437500e+02 3.120390319824218750e+02
1.594609222412109375e+02 3.898046569824218750e+02
7.687890014648437500e+02 3.356640319824218750e+02
2.539609222412109375e+02 4.606796569824218750e+02
1.269765548706054688e+02 4.291796569824218750e+02
2.352577972412109375e+02 4.144140319824218750e+02
8.170233764648437500e+02 3.986640319824218750e+02
8.632890014648437500e+02 4.409921569824218750e+02
3.514140319824218750e+02 4.783984069824218750e+02
5.295858764648437500e+02 3.651952819824218750e+02
7.717421264648437500e+02 5.069452819824218750e+02
5.935702514648437500e+02 3.346796569824218750e+02
4.961171569824218750e+02 4.744609069824218750e+02
7.894608764648437500e+02 4.803671569824218750e+02
7.451640014648437500e+02 3.386171569824218750e+02
1.515859222412109375e+02 3.750390319824218750e+02
6.536171264648437500e+02 3.208984069824218750e+02
1.850546722412109375e+02 3.760234069824218750e+02
1.988359222412109375e+02 4.754452819824218750e+02
8.741171264648437500e+02 3.937421569824218750e+02
5.728983764648437500e+02 3.435390319824218750e+02
2.628203125000000000e+02 4.695390319824218750e+02
5.807733764648437500e+02 3.435390319824218750e+02
9.066015014648437500e+02 4.193359069824218750e+02
3.189296569824218750e+02 4.734765319824218750e+02
6.605077514648437500e+02 3.405859069824218750e+02
2.195077972412109375e+02 3.730702819824218750e+02
1.053203048706054688e+02 4.400077819824218750e+02
7.431952514648437500e+02 3.799609069824218750e+02
8.416327514648437500e+02 3.799609069824218750e+02
1.407577972412109375e+02 4.813515319824218750e+02
1.535546722412109375e+02 4.606796569824218750e+02
3.012109069824218750e+02 4.272109069824218750e+02
6.112890014648437500e+02 3.622421569824218750e+02
7.038202514648437500e+02 4.567421569824218750e+02
3.297577819824218750e+02 4.665859069824218750e+02
5.315546264648437500e+02 5.059609069824218750e+02
7.343358764648437500e+02 4.990702819824218750e+02
9.410546264648437500e+02 3.976796569824218750e+02
2.953046569824218750e+02 4.596952819824218750e+02
1.417421722412109375e+02 3.888202819824218750e+02
7.038202514648437500e+02 3.809452819824218750e+02
3.012109069824218750e+02 4.715077819824218750e+02
9.312108764648437500e+02 4.183515319824218750e+02
2.519921722412109375e+02 4.872577819824218750e+02
5.394296264648437500e+02 3.425546569824218750e+02
4.705234069824218750e+02 4.734765319824218750e+02
5.286015014648437500e+02 2.962890319824218750e+02
1.427265472412109375e+02 3.730702819824218750e+02
6.004608764648437500e+02 4.193359069824218750e+02
7.737108764648437500e+02 5.236796875000000000e+02
5.226953125000000000e+02 5.138359375000000000e+02
7.067733764648437500e+02 4.085077819824218750e+02
8.947890014648437500e+02 4.016171569824218750e+02
6.427890014648437500e+02 3.583046569824218750e+02
5.177734375000000000e+02 3.691327819824218750e+02
6.162108764648437500e+02 4.862734069824218750e+02
1.958827972412109375e+02 4.193359069824218750e+02
3.809452819824218750e+02 4.902109069824218750e+02
5.955390014648437500e+02 2.884140319824218750e+02
2.096640472412109375e+02 4.281952819824218750e+02
2.854609069824218750e+02 4.872577819824218750e+02
1.318984222412109375e+02 4.321327819824218750e+02
1.624140472412109375e+02 4.695390319824218750e+02
5.738827514648437500e+02 4.616640319824218750e+02
5.167890625000000000e+02 3.976796569824218750e+02
3.356640319824218750e+02 4.232734069824218750e+02
9.105390014648437500e+02 4.006327819824218750e+02
6.398358764648437500e+02 3.307421569824218750e+02
9.420390014648437500e+02 4.065390319824218750e+02
9.174296264648437500e+02 4.085077819824218750e+02
2.490390472412109375e+02 3.976796569824218750e+02
2.766015319824218750e+02 4.439452819824218750e+02
8.278515014648437500e+02 5.325390014648437500e+02
8.869140014648437500e+02 4.104765319824218750e+02
8.682108764648437500e+02 4.488671569824218750e+02
2.697109069824218750e+02 4.026015319824218750e+02
7.697733764648437500e+02 2.933359069824218750e+02
6.142421264648437500e+02 5.266328125000000000e+02
6.280233764648437500e+02 3.248359069824218750e+02
3.140077819824218750e+02 4.587109069824218750e+02
3.592890319824218750e+02 4.587109069824218750e+02
8.967577514648437500e+02 4.478827819824218750e+02
9.646092987060546875e+01 4.144140319824218750e+02
7.067733764648437500e+02 3.336952819824218750e+02
8.248983764648437500e+02 3.819296569824218750e+02
5.364765014648437500e+02 4.833202819824218750e+02
8.180077514648437500e+02 4.498515319824218750e+02
9.253046264648437500e+02 3.986640319824218750e+02
7.471327514648437500e+02 3.455077819824218750e+02
2.539609222412109375e+02 4.754452819824218750e+02
2.716796569824218750e+02 4.252421569824218750e+02
6.457421264648437500e+02 3.730702819824218750e+02
5.925858764648437500e+02 3.277890319824218750e+02
4.971015319824218750e+02 5.059609069824218750e+02
6.368827514648437500e+02 3.966952819824218750e+02
2.864452819824218750e+02 4.360702819824218750e+02
5.187578125000000000e+02 3.327109069824218750e+02
8.760155487060546875e+01 4.114609069824218750e+02
6.280233764648437500e+02 3.336952819824218750e+02
4.911952819824218750e+02 4.380390319824218750e+02
6.477108764648437500e+02 3.583046569824218750e+02
8.347421264648437500e+02 3.927577819824218750e+02
7.235077514648437500e+02 4.705234069824218750e+02
7.766640014648437500e+02 3.277890319824218750e+02
2.854609069824218750e+02 4.124452819824218750e+02
5.433671264648437500e+02 5.177734375000000000e+02
8.613202514648437500e+02 4.321327819824218750e+02
6.782265014648437500e+02 3.957109069824218750e+02
6.624765014648437500e+02 4.616640319824218750e+02
6.614921264648437500e+02 3.986640319824218750e+02
1.043359298706054688e+02 3.986640319824218750e+02
6.349140014648437500e+02 3.878359069824218750e+02
5.177734375000000000e+02 3.583046569824218750e+02
7.018515014648437500e+02 4.331171569824218750e+02
4.685546569824218750e+02 4.892265319824218750e+02
2.155702972412109375e+02 4.675702819824218750e+02
5.896327514648437500e+02 3.848827819824218750e+02
