7.097265014648437500e+02 3.533827819824218750e+02
5.246640625000000000e+02 3.868515319824218750e+02
7.097265014648437500e+02 2.323046722412109375e+02
6.969296264648437500e+02 3.543671569824218750e+02
5.236796875000000000e+02 3.455077819824218750e+02
8.465546264648437500e+02 4.055546569824218750e+02
4.281952819824218750e+02 4.390234069824218750e+02
8.977421264648437500e+02 4.016171569824218750e+02
8.061952514648437500e+02 4.094921569824218750e+02
6.250702514648437500e+02 3.829140319824218750e+02
6.221171264648437500e+02 3.140077819824218750e+02
8.396640014648437500e+02 4.065390319824218750e+02
7.835546264648437500e+02 4.646171569824218750e+02
8.977421264648437500e+02 4.183515319824218750e+02
5.256484375000000000e+02 3.090859069824218750e+02
7.038202514648437500e+02 4.656015319824218750e+02
6.043983764648437500e+02 3.504296569824218750e+02
5.817577514648437500e+02 3.848827819824218750e+02
7.589452514648437500e+02 2.234452972412109375e+02
6.152265014648437500e+02 3.051484069824218750e+02
5.807733764648437500e+02 3.258202819824218750e+02
2.480546722412109375e+02 4.872577819824218750e+02
8.485233764648437500e+02 4.144140319824218750e+02
8.711640014648437500e+02 4.203202819824218750e+02
7.697733764648437500e+02 3.730702819824218750e+02
6.083358764648437500e+02 3.149921569824218750e+02
6.162108764648437500e+02 3.514140319824218750e+02
5.886483764648437500e+02 2.962890319824218750e+02
5.108827819824218750e+02 3.356640319824218750e+02
5.679765014648437500e+02 2.864452819824218750e+02
2.982577819824218750e+02 4.724921569824218750e+02
8.475390014648437500e+02 2.667577819824218750e+02
1.328827972412109375e+02 4.419765319824218750e+02
5.660077514648437500e+02 4.124452819824218750e+02
8.534452514648437500e+02 5.059609069824218750e+02
6.398358764648437500e+02 3.740546569824218750e+02
1.387890472412109375e+02 3.907890319824218750e+02
1.191015548706054688e+02 4.400077819824218750e+02
7.520546264648437500e+02 3.966952819824218750e+02
6.733046264648437500e+02 3.750390319824218750e+02
6.349140014648437500e+02 3.543671569824218750e+02
8.623046264648437500e+02 3.720859069824218750e+02
6.309765014648437500e+02 3.819296569824218750e+02
3.671640319824218750e+02 4.862734069824218750e+02
5.177734375000000000e+02 3.081015319824218750e+02
7.422108764648437500e+02 3.021952819824218750e+02
5.728983764648437500e+02 3.848827819824218750e+02
8.908515014648437500e+02 2.953046569824218750e+02
5.778202514648437500e+02 2.962890319824218750e+02
7.264608764648437500e+02 3.435390319824218750e+02
7.530390014648437500e+02 3.012109069824218750e+02
8.977421264648437500e+02 3.947265319824218750e+02
5.177734375000000000e+02 3.179452819824218750e+02
9.095546264648437500e+02 4.094921569824218750e+02
8.091483764648437500e+02 2.204921722412109375e+02
9.676327514648437500e+02 4.852890319824218750e+02
6.929921264648437500e+02 4.341015319824218750e+02
9.469608764648437500e+02 2.736484069824218750e+02
8.317890014648437500e+02 5.207265625000000000e+02
8.603358764648437500e+02 4.213046569824218750e+02
6.349140014648437500e+02 3.425546569824218750e+02
1.269765548706054688e+02 4.311484069824218750e+02
5.246640625000000000e+02 4.026015319824218750e+02
8.741171264648437500e+02 4.035859069824218750e+02
8.918358764648437500e+02 4.281952819824218750e+02
5.906171264648437500e+02 2.391952972412109375e+02
9.686171264648437500e+02 4.754452819824218750e+02
2.785702819824218750e+02 4.134296569824218750e+02
9.381015014648437500e+02 3.986640319824218750e+02
5.660077514648437500e+02 4.272109069824218750e+02
9.991327514648437500e+02 3.947265319824218750e+02
8.455702514648437500e+02 3.986640319824218750e+02
9.735390014648437500e+02 5.108827819824218750e+02
7.687890014648437500e+02 3.405859069824218750e+02
9.233358764648437500e+02 2.825077819824218750e+02
7.618983764648437500e+02 1.978515472412109375e+02
6.004608764648437500e+02 2.756171569824218750e+02
6.614921264648437500e+02 3.760234069824218750e+02
8.229296264648437500e+02 2.263984222412109375e+02
5.906171264648437500e+02 2.578984375000000000e+02
3.553515319824218750e+02 4.921796569824218750e+02
1.584765472412109375e+02 4.409921569824218750e+02
7.727265014648437500e+02 2.323046722412109375e+02
6.073515014648437500e+02 4.085077819824218750e+02
6.053827514648437500e+02 3.838984069824218750e+02
8.012733764648437500e+02 2.116327972412109375e+02
7.530390014648437500e+02 3.632265319824218750e+02
9.883046264648437500e+02 5.295858764648437500e+02
7.097265014648437500e+02 5.236796875000000000e+02
1.830859222412109375e+02 4.616640319824218750e+02
6.181796264648437500e+02 3.691327819824218750e+02
1.220546798706054688e+02 3.898046569824218750e+02
5.847108764648437500e+02 3.947265319824218750e+02
7.038202514648437500e+02 4.823359069824218750e+02
5.896327514648437500e+02 3.779921569824218750e+02
3.218827819824218750e+02 4.508359069824218750e+02
8.849452514648437500e+02 4.026015319824218750e+02
2.549452972412109375e+02 4.026015319824218750e+02
9.705858764648437500e+02 3.966952819824218750e+02
7.126796264648437500e+02 3.711015319824218750e+02
2.352577972412109375e+02 3.986640319824218750e+02
1.870234222412109375e+02 4.754452819824218750e+02
8.367108764648437500e+02 2.864452819824218750e+02
7.550077514648437500e+02 4.380390319824218750e+02
6.979140014648437500e+02 3.651952819824218750e+02
8.347421264648437500e+02 4.016171569824218750e+02
9.105390014648437500e+02 3.927577819824218750e+02
6.782265014648437500e+02 3.642109069824218750e+02
1.102421798706054688e+02 4.488671569824218750e+02
5.788046264648437500e+02 2.549452972412109375e+02
6.555858764648437500e+02 3.622421569824218750e+02
5.906171264648437500e+02 4.006327819824218750e+02
4.685546569824218750e+02 1.998202972412109375e+02
9.587733764648437500e+02 3.592890319824218750e+02
2.303359222412109375e+02 4.715077819824218750e+02
9.528671264648437500e+02 4.065390319824218750e+02
3.494452819824218750e+02 4.852890319824218750e+02
3.050781059265136719e+01 3.661796569824218750e+02
3.917734069824218750e+02 1.328827972412109375e+02
9.253046264648437500e+02 3.996484069824218750e+02
8.544296264648437500e+02 3.809452819824218750e+02
9.341640014648437500e+02 3.858671569824218750e+02
7.343358764648437500e+02 4.833202819824218750e+02
6.605077514648437500e+02 3.878359069824218750e+02
7.313827514648437500e+02 3.287734069824218750e+02
7.530390014648437500e+02 3.189296569824218750e+02
7.628827514648437500e+02 2.893984069824218750e+02
2.972734069824218750e+02 4.852890319824218750e+02
7.431952514648437500e+02 3.179452819824218750e+02
6.319608764648437500e+02 3.130234069824218750e+02
5.778202514648437500e+02 2.391952972412109375e+02
2.539609222412109375e+02 4.124452819824218750e+02
1.063046798706054688e+02 3.711015319824218750e+02
8.357265014648437500e+02 4.144140319824218750e+02
9.892890014648437500e+02 3.947265319824218750e+02
5.482890014648437500e+02 4.774140319824218750e+02
6.693671264648437500e+02 3.868515319824218750e+02
6.910233764648437500e+02 4.193359069824218750e+02
7.028358764648437500e+02 3.317265319824218750e+02
6.309765014648437500e+02 5.226953125000000000e+02
4.596952819824218750e+02 4.980859069824218750e+02
1.712734222412109375e+02 4.724921569824218750e+02
6.900390014648437500e+02 3.770077819824218750e+02
6.024296264648437500e+02 2.834921569824218750e+02
3.021952819824218750e+02 4.862734069824218750e+02
6.073515014648437500e+02 3.966952819824218750e+02
3.415702819824218750e+02 3.081015319824218750e+02
7.028358764648437500e+02 3.415702819824218750e+02
6.280233764648437500e+02 3.740546569824218750e+02
9.686171264648437500e+02 3.868515319824218750e+02
5.994765014648437500e+02 2.706952819824218750e+02
7.087421264648437500e+02 3.651952819824218750e+02
8.239140014648437500e+02 4.075234069824218750e+02
9.223515014648437500e+02 3.907890319824218750e+02
9.115233764648437500e+02 4.016171569824218750e+02
5.098984069824218750e+02 3.740546569824218750e+02
3.110546569824218750e+02 4.862734069824218750e+02
6.014452514648437500e+02 3.258202819824218750e+02
5.807733764648437500e+02 3.356640319824218750e+02
3.455077819824218750e+02 4.301640319824218750e+02
6.250702514648437500e+02 3.966952819824218750e+02
9.823983764648437500e+02 3.829140319824218750e+02
8.888827514648437500e+02 2.116327972412109375e+02
5.679765014648437500e+02 3.976796569824218750e+02
6.112890014648437500e+02 4.232734069824218750e+02
3.149921569824218750e+02 3.947265319824218750e+02
7.993046264648437500e+02 5.226953125000000000e+02
1.899765472412109375e+02 4.518202819824218750e+02
5.886483764648437500e+02 3.208984069824218750e+02
7.402421264648437500e+02 4.734765319824218750e+02
1.702890472412109375e+02 4.882421569824218750e+02
6.920077514648437500e+02 4.065390319824218750e+02
2.854609069824218750e+02 4.862734069824218750e+02
4.104765319824218750e+02 1.200859298706054688e+02
8.613202514648437500e+02 4.301640319824218750e+02
8.032421264648437500e+02 4.744609069824218750e+02
5.965233764648437500e+02 5.246640625000000000e+02
7.924140014648437500e+02 2.578984375000000000e+02
8.514765014648437500e+02 3.868515319824218750e+02
4.567421569824218750e+02 2.076952972412109375e+02
3.445234069824218750e+02 3.297577819824218750e+02
2.185234222412109375e+02 3.730702819824218750e+02
6.959452514648437500e+02 3.711015319824218750e+02
1.250078048706054688e+02 4.035859069824218750e+02
7.540233764648437500e+02 3.474765319824218750e+02
7.254765014648437500e+02 3.986640319824218750e+02
8.524608764648437500e+02 2.313202972412109375e+02
8.751015014648437500e+02 9.941405487060546875e+01
8.199765014648437500e+02 4.449296569824218750e+02
5.876640014648437500e+02 4.350859069824218750e+02
5.108827819824218750e+02 3.888202819824218750e+02
9.381015014648437500e+02 4.075234069824218750e+02
3.612577819824218750e+02 1.643827972412109375e+02
9.518827514648437500e+02 3.888202819824218750e+02
9.036483764648437500e+02 2.825077819824218750e+02
5.916015014648437500e+02 4.232734069824218750e+02
5.886483764648437500e+02 3.592890319824218750e+02
6.122733764648437500e+02 3.750390319824218750e+02
5.187578125000000000e+02 4.104765319824218750e+02
1.761952972412109375e+02 3.681484069824218750e+02
9.410546264648437500e+02 1.919452972412109375e+02
7.530390014648437500e+02 3.809452819824218750e+02
7.628827514648437500e+02 3.268046569824218750e+02
6.920077514648437500e+02 4.016171569824218750e+02
8.268671264648437500e+02 5.098984069824218750e+02
1.722577972412109375e+02 4.429609069824218750e+02
7.884765014648437500e+02 2.382109222412109375e+02
4.439452819824218750e+02 2.165546722412109375e+02
9.568046264648437500e+02 3.976796569824218750e+02
7.313827514648437500e+02 2.805390319824218750e+02
8.396640014648437500e+02 5.010390319824218750e+02
1.407577972412109375e+02 4.528046569824218750e+02
8.180077514648437500e+02 2.726640319824218750e+02
9.912577514648437500e+02 3.740546569824218750e+02
2.313202972412109375e+02 4.872577819824218750e+02
7.086717987060546875e+01 3.179452819824218750e+02
1.220546798706054688e+02 4.892265319824218750e+02
6.408202514648437500e+02 3.651952819824218750e+02
9.568046264648437500e+02 3.770077819824218750e+02
9.784608764648437500e+02 3.750390319824218750e+02
8.111171264648437500e+02 3.228671569824218750e+02
1.584765472412109375e+02 3.681484069824218750e+02
7.294140014648437500e+02 3.858671569824218750e+02
8.632890014648437500e+02 2.706952819824218750e+02
5.975077514648437500e+02 3.130234069824218750e+02
1.013828048706054688e+02 3.838984069824218750e+02
2.962890319824218750e+02 3.041640319824218750e+02
7.609140014648437500e+02 3.396015319824218750e+02
7.766640014648437500e+02 2.657734069824218750e+02
5.669921264648437500e+02 3.405859069824218750e+02
2.382109222412109375e+02 4.596952819824218750e+02
1.929296722412109375e+02 3.848827819824218750e+02
7.884765014648437500e+02 2.815234069824218750e+02
9.449217987060546875e+01 4.291796569824218750e+02
4.331171569824218750e+02 2.657734069824218750e+02
1.801327972412109375e+02 4.124452819824218750e+02
6.053827514648437500e+02 4.262265319824218750e+02
8.229296264648437500e+02 4.026015319824218750e+02
8.751015014648437500e+02 4.380390319824218750e+02
1.318984222412109375e+02 4.843046569824218750e+02
3.504296569824218750e+02 4.793827819824218750e+02
5.236796875000000000e+02 3.642109069824218750e+02
8.071796264648437500e+02 4.990702819824218750e+02
9.105390014648437500e+02 2.027734222412109375e+02
9.705858764648437500e+02 3.602734069824218750e+02
9.302265014648437500e+02 3.632265319824218750e+02
5.975077514648437500e+02 3.376327819824218750e+02
5.207265625000000000e+02 4.685546569824218750e+02
1.151640548706054688e+02 3.307421569824218750e+02
8.209608764648437500e+02 4.715077819824218750e+02
7.422108764648437500e+02 3.435390319824218750e+02
8.957030487060546875e+01 3.701171569824218750e+02
4.203202819824218750e+02 2.854609069824218750e+02
9.843671264648437500e+02 4.045702819824218750e+02
6.418046264648437500e+02 3.189296569824218750e+02
8.091483764648437500e+02 2.460859222412109375e+02
1.318984222412109375e+02 3.711015319824218750e+02
1.821015472412109375e+02 4.754452819824218750e+02
9.479452514648437500e+02 3.130234069824218750e+02
8.810077514648437500e+02 3.937421569824218750e+02
5.807733764648437500e+02 3.435390319824218750e+02
2.441171722412109375e+02 4.724921569824218750e+02
5.906171264648437500e+02 3.455077819824218750e+02
9.144765014648437500e+02 4.183515319824218750e+02
3.041640319824218750e+02 4.734765319824218750e+02
7.727265014648437500e+02 2.500234222412109375e+02
8.603358764648437500e+02 1.850546722412109375e+02
6.506640014648437500e+02 3.415702819824218750e+02
9.499140014648437500e+02 3.770077819824218750e+02
9.282577514648437500e+02 4.754452819824218750e+02
9.833827514648437500e+02 3.957109069824218750e+02
3.031796569824218750e+02 3.307421569824218750e+02
8.239140014648437500e+02 4.360702819824218750e+02
1.683202972412109375e+02 3.681484069824218750e+02
7.786327514648437500e+02 1.978515472412109375e+02
7.283592987060546875e+01 4.409921569824218750e+02
7.372890014648437500e+02 3.809452819824218750e+02
9.282577514648437500e+02 2.746327819824218750e+02
8.386796264648437500e+02 3.829140319824218750e+02
5.788046264648437500e+02 2.500234222412109375e+02
1.141796798706054688e+02 4.823359069824218750e+02
9.656640014648437500e+02 5.335233764648437500e+02
1.181171798706054688e+02 4.626484069824218750e+02
5.768358764648437500e+02 2.628203125000000000e+02
9.568046264648437500e+02 3.888202819824218750e+02
4.104765319824218750e+02 3.533827819824218750e+02
4.862734069824218750e+02 5.049765319824218750e+02
2.559296875000000000e+02 4.252421569824218750e+02
6.142421264648437500e+02 3.642109069824218750e+02
7.284296264648437500e+02 4.537890319824218750e+02
3.140077819824218750e+02 4.646171569824218750e+02
5.512421264648437500e+02 5.020234069824218750e+02
5.305702514648437500e+02 2.185234222412109375e+02
7.746952514648437500e+02 4.892265319824218750e+02
8.445858764648437500e+02 5.226953125000000000e+02
9.469608764648437500e+02 3.986640319824218750e+02
2.795546569824218750e+02 4.587109069824218750e+02
7.578905487060546875e+01 3.858671569824218750e+02
7.018515014648437500e+02 3.829140319824218750e+02
2.825077819824218750e+02 4.715077819824218750e+02
9.282577514648437500e+02 4.173671569824218750e+02
7.884765014648437500e+02 2.204921722412109375e+02
8.563983764648437500e+02 4.715077819824218750e+02
3.858671569824218750e+02 4.833202819824218750e+02
7.372890014648437500e+02 4.153984069824218750e+02
2.362421722412109375e+02 4.872577819824218750e+02
8.859296264648437500e+02 3.829140319824218750e+02
2.323046722412109375e+02 3.130234069824218750e+02
5.325390014648437500e+02 3.425546569824218750e+02
4.911952819824218750e+02 4.695390319824218750e+02
5.217109375000000000e+02 2.982577819824218750e+02
7.825702514648437500e+02 3.228671569824218750e+02
9.607421264648437500e+02 2.667577819824218750e+02
3.848827819824218750e+02 1.545390472412109375e+02
7.480467987060546875e+01 3.691327819824218750e+02
6.103046264648437500e+02 4.183515319824218750e+02
8.091483764648437500e+02 5.118671875000000000e+02
9.577890014648437500e+02 4.902109069824218750e+02
5.463202514648437500e+02 5.089140319824218750e+02
9.548358764648437500e+02 4.744609069824218750e+02
7.185858764648437500e+02 4.094921569824218750e+02
7.471327514648437500e+02 2.775859069824218750e+02
9.066015014648437500e+02 4.016171569824218750e+02
5.216405868530273438e+01 3.966952819824218750e+02
9.784608764648437500e+02 4.744609069824218750e+02
7.422108764648437500e+02 3.071171569824218750e+02
6.358983764648437500e+02 3.592890319824218750e+02
5.108827819824218750e+02 3.691327819824218750e+02
9.430233764648437500e+02 1.545390472412109375e+02
6.418046264648437500e+02 4.823359069824218750e+02
1.378046722412109375e+02 4.173671569824218750e+02
3.779921569824218750e+02 4.902109069824218750e+02
9.213671264648437500e+02 3.809452819824218750e+02
9.400702514648437500e+02 2.598671875000000000e+02
6.014452514648437500e+02 2.943202819824218750e+02
1.565077972412109375e+02 4.272109069824218750e+02
2.647890319824218750e+02 4.872577819824218750e+02
9.941405487060546875e+01 4.301640319824218750e+02
1.387890472412109375e+02 4.695390319824218750e+02
5.965233764648437500e+02 4.587109069824218750e+02
5.108827819824218750e+02 3.937421569824218750e+02
2.933359069824218750e+02 4.213046569824218750e+02
9.174296264648437500e+02 4.006327819824218750e+02
2.588828125000000000e+02 4.528046569824218750e+02
1.151640548706054688e+02 4.872577819824218750e+02
6.339296264648437500e+02 3.307421569824218750e+02
9.479452514648437500e+02 4.065390319824218750e+02
9.243202514648437500e+02 4.085077819824218750e+02
5.807030868530273438e+01 4.232734069824218750e+02
1.988359222412109375e+02 3.957109069824218750e+02
1.840702972412109375e+02 4.882421569824218750e+02
2.283671722412109375e+02 4.439452819824218750e+02
5.463202514648437500e+02 5.148203125000000000e+02
8.623046264648437500e+02 5.187578125000000000e+02
7.303983764648437500e+02 3.937421569824218750e+02
9.321952514648437500e+02 1.939140472412109375e+02
6.073515014648437500e+02 2.283671722412109375e+02
7.973358764648437500e+02 1.948984222412109375e+02
7.323671264648437500e+02 2.057265472412109375e+02
8.957733764648437500e+02 4.094921569824218750e+02
6.920077514648437500e+02 4.242577819824218750e+02
7.717421264648437500e+02 2.825077819824218750e+02
7.914296264648437500e+02 4.016171569824218750e+02
2.726640319824218750e+02 4.360702819824218750e+02
5.768358764648437500e+02 4.065390319824218750e+02
8.810077514648437500e+02 4.439452819824218750e+02
2.224609222412109375e+02 4.006327819824218750e+02
5.689608764648437500e+02 2.766015319824218750e+02
7.628827514648437500e+02 2.992421569824218750e+02
7.520546264648437500e+02 2.766015319824218750e+02
8.170233764648437500e+02 4.646171569824218750e+02
7.530390014648437500e+02 2.677421569824218750e+02
9.991327514648437500e+02 3.838984069824218750e+02
6.496796264648437500e+02 5.187578125000000000e+02
6.231015014648437500e+02 3.258202819824218750e+02
6.713358764648437500e+02 3.553515319824218750e+02
7.697733764648437500e+02 2.076952972412109375e+02
2.992421569824218750e+02 4.577265319824218750e+02
3.218827819824218750e+02 4.577265319824218750e+02
3.012109069824218750e+02 3.041640319824218750e+02
9.125077514648437500e+02 4.429609069824218750e+02
7.422108764648437500e+02 2.155702972412109375e+02
8.169530487060546875e+01 3.563359069824218750e+02
2.853906059265136719e+01 4.094921569824218750e+02
7.028358764648437500e+02 3.366484069824218750e+02
8.298202514648437500e+02 3.838984069824218750e+02
5.571483764648437500e+02 4.793827819824218750e+02
8.426171264648437500e+02 4.449296569824218750e+02
2.421484222412109375e+02 3.287734069824218750e+02
9.321952514648437500e+02 3.996484069824218750e+02
6.614921264648437500e+02 3.819296569824218750e+02
7.412265014648437500e+02 3.484609069824218750e+02
8.829765014648437500e+02 1.889921722412109375e+02
5.925858764648437500e+02 4.311484069824218750e+02
7.894608764648437500e+02 2.500234222412109375e+02
8.642733764648437500e+02 2.263984222412109375e+02
2.382109222412109375e+02 4.783984069824218750e+02
8.938046264648437500e+02 5.010390319824218750e+02
2.185234222412109375e+02 4.232734069824218750e+02
4.213046569824218750e+02 2.972734069824218750e+02
9.075858764648437500e+02 3.819296569824218750e+02
8.475390014648437500e+02 2.323046722412109375e+02
3.602734069824218750e+02 1.574921722412109375e+02
6.457421264648437500e+02 3.740546569824218750e+02
9.538515014648437500e+02 4.823359069824218750e+02
7.609140014648437500e+02 3.937421569824218750e+02
6.034140014648437500e+02 3.307421569824218750e+02
7.520546264648437500e+02 2.628203125000000000e+02
5.187578125000000000e+02 5.010390319824218750e+02
3.366484069824218750e+02 4.252421569824218750e+02
6.457421264648437500e+02 3.957109069824218750e+02
9.656640014648437500e+02 3.760234069824218750e+02
8.652577514648437500e+02 3.021952819824218750e+02
8.839608764648437500e+02 2.136015472412109375e+02
2.136015472412109375e+02 3.730702819824218750e+02
2.391952972412109375e+02 4.350859069824218750e+02
5.118671875000000000e+02 3.307421569824218750e+02
1.574218750000000000e+01 4.094921569824218750e+02
8.081640014648437500e+02 1.919452972412109375e+02
9.282577514648437500e+02 3.789765319824218750e+02
2.805390319824218750e+02 4.852890319824218750e+02
6.260546264648437500e+02 3.356640319824218750e+02
5.118671875000000000e+02 4.380390319824218750e+02
5.256484375000000000e+02 3.159765319824218750e+02
6.408202514648437500e+02 3.592890319824218750e+02
2.549452972412109375e+02 5.118671875000000000e+02
8.426171264648437500e+02 3.937421569824218750e+02
7.569765014648437500e+02 4.656015319824218750e+02
9.735390014648437500e+02 3.868515319824218750e+02
9.784608764648437500e+02 3.957109069824218750e+02
9.351483764648437500e+02 3.779921569824218750e+02
4.252421569824218750e+02 2.076952972412109375e+02
7.678046264648437500e+02 3.307421569824218750e+02
2.382109222412109375e+02 4.075234069824218750e+02
5.650233764648437500e+02 5.118671875000000000e+02
8.731327514648437500e+02 4.291796569824218750e+02
6.821640014648437500e+02 3.838984069824218750e+02
9.341640014648437500e+02 2.756171569824218750e+02
6.890546264648437500e+02 3.966952819824218750e+02
1.102421798706054688e+02 3.307421569824218750e+02
9.666483764648437500e+02 3.711015319824218750e+02
6.939765014648437500e+02 4.577265319824218750e+02
6.752733764648437500e+02 3.986640319824218750e+02
1.939140472412109375e+02 4.616640319824218750e+02
3.346093368530273438e+01 3.966952819824218750e+02
7.973358764648437500e+02 2.578984375000000000e+02
6.349140014648437500e+02 3.888202819824218750e+02
5.108827819824218750e+02 3.573202819824218750e+02
9.006952514648437500e+02 4.370546569824218750e+02
7.254765014648437500e+02 4.321327819824218750e+02
4.803671569824218750e+02 4.872577819824218750e+02
8.711640014648437500e+02 5.059609069824218750e+02
8.918358764648437500e+02 2.726640319824218750e+02
1.958827972412109375e+02 4.685546569824218750e+02
5.955390014648437500e+02 3.829140319824218750e+02
