7.966239624023437500e+02 1.684426727294921875e+02
7.753544311523437500e+02 1.674745178222656250e+02
6.844755249023437500e+02 1.026082839965820312e+02
6.216337890625000000e+02 1.577929992675781250e+02
6.728740234375000000e+02 8.711783599853515625e+01
6.612724609375000000e+02 1.006719741821289062e+02
6.419365234375000000e+02 1.568248443603515625e+02
5.549248046875000000e+02 2.487993621826171875e+02
6.796415405273437500e+02 1.974872589111328125e+02
7.376493530273437500e+02 2.013598785400390625e+02
6.835087280273437500e+02 1.645700683593750000e+02
6.632060546875000000e+02 2.110413970947265625e+02
8.449638061523437500e+02 8.130891418457031250e+01
8.188602905273437500e+02 1.539203796386718750e+02
8.642997436523437500e+02 9.002229309082031250e+01
6.844755249023437500e+02 1.452070007324218750e+02
8.807352905273437500e+02 1.510159301757812500e+02
7.192802124023437500e+02 1.984554138183593750e+02
6.022978515625000000e+02 2.391178283691406250e+02
5.993974609375000000e+02 2.032961730957031250e+02
8.575321655273437500e+02 1.849012756347656250e+02
6.409697265625000000e+02 1.849012756347656250e+02
5.665263671875000000e+02 2.207229309082031250e+02
7.966239624023437500e+02 1.916783447265625000e+02
7.743876342773437500e+02 1.849012756347656250e+02
7.618192749023437500e+02 1.839331207275390625e+02
7.192802124023437500e+02 1.800605163574218750e+02
5.742607421875000000e+02 2.352452239990234375e+02
7.173466186523437500e+02 2.158821716308593750e+02
8.294950561523437500e+02 1.287484130859375000e+02
8.497977905273437500e+02 1.161624221801757812e+02
8.817020874023437500e+02 7.259554290771484375e+01
8.401298217773437500e+02 1.229394912719726562e+02
7.241141967773437500e+02 1.035764312744140625e+02
7.231473999023437500e+02 2.178184661865234375e+02
7.879227905273437500e+02 1.316528625488281250e+02
7.608524780273437500e+02 2.023280334472656250e+02
6.013310546875000000e+02 2.275000000000000000e+02
7.869559936523437500e+02 1.490796203613281250e+02
6.545048828125000000e+02 1.945828094482421875e+02
7.956571655273437500e+02 1.858694305419921875e+02
6.090654296875000000e+02 2.652579650878906250e+02
7.028446655273437500e+02 2.420222930908203125e+02
7.705204467773437500e+02 1.945828094482421875e+02
8.604325561523437500e+02 1.645700683593750000e+02
5.916630859375000000e+02 2.604172058105468750e+02
6.235673828125000000e+02 1.936146545410156250e+02
8.468973999023437500e+02 2.129777069091796875e+02
8.759013061523437500e+02 1.306847076416015625e+02
8.333622436523437500e+02 5.129617691040039062e+01
6.864091186523437500e+02 1.849012756347656250e+02
8.188602905273437500e+02 2.149140167236328125e+02
8.691337280273437500e+02 1.481114654541015625e+02
5.761943359375000000e+02 2.730031738281250000e+02
8.381962280273437500e+02 1.510159301757812500e+02
7.386161499023437500e+02 1.190668792724609375e+02
5.810283203125000000e+02 1.490796203613281250e+02
7.453837280273437500e+02 1.519840698242187500e+02
8.362626342773437500e+02 2.129777069091796875e+02
6.109990234375000000e+02 2.594490356445312500e+02
8.555985717773437500e+02 4.161465072631835938e+01
8.488309936523437500e+02 1.055127410888671875e+02
6.902763061523437500e+02 1.761878967285156250e+02
5.674931640625000000e+02 2.352452239990234375e+02
8.788016967773437500e+02 8.227706909179687500e+01
8.584989624023437500e+02 5.420063781738281250e+01
7.424833374023437500e+02 1.597292938232421875e+02
7.173466186523437500e+02 2.062006378173828125e+02
8.391630249023437500e+02 1.577929992675781250e+02
5.848955078125000000e+02 2.691305847167968750e+02
8.691337280273437500e+02 2.902866172790527344e+01
6.835087280273437500e+02 1.335891723632812500e+02
8.768681030273437500e+02 1.355254821777343750e+02
7.492509155273437500e+02 2.100732421875000000e+02
6.661064453125000000e+02 2.207229309082031250e+02
5.906962890625000000e+02 2.052324829101562500e+02
